0x1$%&Упражнение$%&Тэги$%&RGBcolor
0x2$%&Становая тяга$%&$%&(255, 200, 200, 255)
0x3$%&Подтягивание$%&#спина$%&(85, 170, 127, 255)
0x4$%&Румынская тяга$%&$%&(255, 100, 100, 255)
0x5$%&Отжимания$%&$%&(100, 100, 255, 255)
0x6$%&Прыжки$%&$%&(255, 0, 0, 255)
0x7$%&Присед$%&$%&(255, 255, 255, 255)
0x8$%&Бег$%&$%&(255, 255, 255, 255)
0x9$%&Приседания$%&$%&(255, 255, 255, 255)
0xa$%&Становая$%&$%&(255, 255, 255, 255)
0xb$%&Подтягивания$%&$%&(255, 255, 255, 255)
0xc$%&Брусья$%&$%&(255, 255, 255, 255)
0xd$%&Турник$%&$%&(255, 170, 255, 255)
0xe$%&Жим лежа$%&$%&(255, 255, 255, 255)
0xf$%&Мертвая тяга$%&$%&(255, 255, 255, 255)
0x10$%&Спринт$%&$%&(255, 255, 255, 255)
0x11$%&Ходьба$%&$%&(255, 255, 255, 255)
0x12$%&Быстрая ходьба$%&$%&(255, 255, 255, 255)
0x13$%&Прыжок в длинну$%&$%&(255, 255, 255, 255)
0x14$%&Пресс$%&$%&(255, 255, 255, 255)
0x15$%&Растяжка$%&$%&(255, 255, 255, 255)
0x16$%&Французский жим$%&#трицепс$%&(160, 255, 168, 255)
0x17$%&Скручивания$%&#пресс$%&(240, 240, 240, 255)
0x18$%&Шраги$%&#трапеция$%&(240, 240, 240, 255)
0x19$%&Жим в наклоне$%&#грудные, #трицепс$%&(255, 255, 127, 255)
0x1a$%&Упражнение 1$%&$%&(255, 255, 255, 255)
0x1b$%&Упражнение2$%&$%&(255, 255, 255, 255)
0x1c$%&Упражнение3$%&#упр3$%&(91, 255, 46, 255)